- lineNum: 1
  raw: "1#6号大地图#1#1#2#xinxiaoyingcun#world#0#0#0#0#0#0#1#"
  translated: ""
  splits:
  - lastTranslated:
      dateTime: 2025-02-24T12:43:07.9334459
      utcDateTime: 2025-02-24T04:43:07.9334459Z
      localDateTime: 2025-02-24T12:43:07.9334459+08:00
      date: 2025-02-24T00:00:00.0000000
      day: 24
      dayOfWeek: Monday
      dayOfYear: 55
      hour: 12
      millisecond: 933
      microsecond: 445
      nanosecond: 900
      minute: 43
      month: 2
      offset: 08:00:00
      totalOffsetMinutes: 480
      second: 7
      ticks: 638759977879334459
      utcTicks: 638759689879334459
      timeOfDay: 12:43:07.9334459
      year: 2025
    split: 1
    text: "6号大地图"
    translated: "6th Major Map"
    flaggedForRetranslation: false
    flaggedGlossaryIn: ""
    flaggedGlossaryOut: ""
- lineNum: 998
  raw: "998#登入地圖#998#3#1#jianpoqinxin#jianpoqinxin#0#0#0#0#0#0#0#"
  translated: ""
  splits:
  - lastTranslated:
      dateTime: 2025-02-24T12:43:07.9334985
      utcDateTime: 2025-02-24T04:43:07.9334985Z
      localDateTime: 2025-02-24T12:43:07.9334985+08:00
      date: 2025-02-24T00:00:00.0000000
      day: 24
      dayOfWeek: Monday
      dayOfYear: 55
      hour: 12
      millisecond: 933
      microsecond: 498
      nanosecond: 500
      minute: 43
      month: 2
      offset: 08:00:00
      totalOffsetMinutes: 480
      second: 7
      ticks: 638759977879334985
      utcTicks: 638759689879334985
      timeOfDay: 12:43:07.9334985
      year: 2025
    split: 1
    text: "登入地圖"
    translated: "Log into Map"
    flaggedForRetranslation: false
    flaggedGlossaryIn: ""
    flaggedGlossaryOut: ""
