- lineNum: 1
  raw: "1#11#1#污衣派#"
  translated: ""
  splits:
  - lastTranslated:
      dateTime: 2025-02-24T12:43:08.1015368
      utcDateTime: 2025-02-24T04:43:08.1015368Z
      localDateTime: 2025-02-24T12:43:08.1015368+08:00
      date: 2025-02-24T00:00:00.0000000
      day: 24
      dayOfWeek: Monday
      dayOfYear: 55
      hour: 12
      millisecond: 101
      microsecond: 536
      nanosecond: 800
      minute: 43
      month: 2
      offset: 08:00:00
      totalOffsetMinutes: 480
      second: 8
      ticks: 638759977881015368
      utcTicks: 638759689881015368
      timeOfDay: 12:43:08.1015368
      year: 2025
    split: 3
    text: "污衣派"
    translated: "The Sullied Sect"
    flaggedForRetranslation: false
    flaggedGlossaryIn: ""
    flaggedGlossaryOut: ""
- lineNum: 2
  raw: "2#11#2#净衣派#"
  translated: ""
  splits:
  - lastTranslated:
      dateTime: 2025-02-24T12:43:08.1015865
      utcDateTime: 2025-02-24T04:43:08.1015865Z
      localDateTime: 2025-02-24T12:43:08.1015865+08:00
      date: 2025-02-24T00:00:00.0000000
      day: 24
      dayOfWeek: Monday
      dayOfYear: 55
      hour: 12
      millisecond: 101
      microsecond: 586
      nanosecond: 500
      minute: 43
      month: 2
      offset: 08:00:00
      totalOffsetMinutes: 480
      second: 8
      ticks: 638759977881015865
      utcTicks: 638759689881015865
      timeOfDay: 12:43:08.1015865
      year: 2025
    split: 3
    text: "净衣派"
    translated: "The Jingyi Sect"
    flaggedForRetranslation: false
    flaggedGlossaryIn: ""
    flaggedGlossaryOut: ""
